0.994720685756977 2.9859253040972326e-11
1.2099254744119612 2.816052777151131e-11
1.4332496324713562 2.644012169112594e-11
1.6888310570120362 2.4824948218018376e-11
1.9277800042144648 2.3309164344275182e-11
2.2122162910704484 2.1984329005201395e-11
2.4592608589148264 2.082876772366026e-11
2.882505302968228 1.9122238027127582e-11
3.4145488738336014 1.739837065948551e-11
3.9600543769774466 1.590148945167258e-11
4.520353656360242 1.459903526483786e-11
5.38312522557077 1.2929727567781807e-11
6.376725190323275 1.1451353799952133e-11
7.513842180360128 1.0096622830146634e-11
7.513842180360128 1.0096622830146634e-11
8.90072303724566 8.822514712141723e-12
10.883826478889128 7.436900956125542e-12
12.555978827859198 6.557227706262264e-12
14.71689163191549 5.653140858250288e-12
17.15863589425323 4.8737313943121176e-12
20.542045089792776 4.0533953385143575e-12
25.38620022916809 3.2520685041817476e-12
30.07190353272202 2.7047152049195204e-12
36.77199914775936 2.1603113515716873e-12
